Ra=3.2;La=8.6*10^(-3);Jm=30*10^(-6);bm=3*10^(-6);
Kb=60*10^(-3);Kt=17*10^(-3);
